| THETA | 0.040 | GO    | 36.32  | 0.000    | 0.736   | 0.000    | 0.736 | 0.736 | 0.736 | 2.209 | 0.000 | 18.85 | 6.660  | 27.72 |
| THETA | 0.057 | GO    | 51.49  | 3.103    | 1.479   | 0.052    | 1.427 | 2.163 | 0.690 | 4.281 | 0.000 | 17.68 | 9.442  | 31.40 |
| THETA | 0.063 | GO    | 56.74  | 16.31    | 1.796   | 0.148    | 1.648 | 3.812 | 0.221 | 4.945 | 0.000 | 5.667 | 10.40  | 21.01 |
| THETA | 0.073 | GO    | 65.88  | 23.62    | 2.422   | 0.389    | 2.033 | 5.845 | 0.384 | 6.100 | 0.000 | 9.848 | 12.08  | 28.02 |
| THETA | 0.083 | GO    | 75.06  | 19.82    | 3.144   | 0.592    | 2.552 | 8.397 | 0.518 | 7.656 | 0.000 | 13.27 | 13.76  | 34.69 |
| THETA | 0.093 | GO    | 84.20  | 23.62    | 3.957   | 0.833    | 3.123 | 11.52 | 0.571 | 9.371 | 0.000 | 14.63 | 15.44  | 39.44 |
| THETA | 0.100 | GO    | 89.85  | 27.65    | 4.505   | 1.007    | 3.498 | 15.01 | 0.374 | 10.49 | 0.000 | 9.583 | 16.47  | 36.55 |
| THETA | 0.110 | GO    | 99.03  | 40.11    | 5.472   | 1.418    | 4.054 | 19.07 | 0.556 | 12.16 | 0.000 | 14.24 | 18.15  | 44.56 |
| THETA | 0.120 | GO    | 108.2  | 41.38    | 6.537   | 1.843    | 4.693 | 23.76 | 0.639 | 14.08 | 0.000 | 16.37 | 19.84  | 50.29 |
| THETA | 0.131 | GO    | 117.7  | 55.51    | 7.737   | 2.433    | 5.304 | 29.07 | 0.610 | 15.91 | 0.000 | 15.63 | 21.59  | 53.13 |
| THETA | 0.142 | GO    | 127.2  | 69.90    | 9.039   | 3.176    | 5.863 | 34.93 | 0.558 | 17.59 | 0.000 | 14.30 | 23.33  | 55.23 |
| THETA | 0.152 | GO    | 136.4  | 87.64    | 10.39   | 4.076    | 6.317 | 41.25 | 0.454 | 18.95 | 0.000 | 11.63 | 25.02  | 55.60 |
| THETA | 0.162 | GO    | 145.9  | 95.97    | 11.89   | 5.095    | 6.798 | 48.05 | 0.480 | 20.39 | 0.000 | 12.30 | 26.76  | 59.47 |
| THETA | 0.173 | GO    | 155.5  | 106.7    | 13.49   | 6.230    | 7.266 | 55.31 | 0.467 | 21.79 | 0.000 | 11.96 | 28.51  | 62.27 |
| THETA | 0.179 | GO    | 161.1  | 112.1    | 14.49   | 6.937    | 7.557 | 62.87 | 0.291 | 22.67 | 0.000 | 7.458 | 29.55  | 59.68 |
| THETA | 0.190 | GO    | 170.6  | 130.8    | 16.25   | 8.326    | 7.930 | 70.80 | 0.372 | 23.79 | 0.000 | 9.547 | 31.29  | 64.63 |
| THETA | 0.201 | GO    | 180.2  | 143.1    | 18.12   | 9.852    | 8.274 | 79.08 | 0.343 | 24.82 | 0.000 | 8.800 | 33.04  | 66.66 |
| THETA | 0.211 | GO    | 189.7  | 157.1    | 20.09   | 11.52    | 8.570 | 87.65 | 0.296 | 25.71 | 0.000 | 7.581 | 34.79  | 68.08 |
| THETA | 0.222 | GO    | 199.2  | 179.1    | 22.15   | 13.42    | 8.733 | 96.38 | 0.163 | 26.20 | 0.000 | 4.179 | 36.53  | 66.91 |
| THETA | 0.233 | GO    | 208.8  | 189.1    | 24.33   | 15.44    | 8.892 | 105.2 | 0.158 | 26.67 | 0.000 | 4.065 | 38.28  | 69.03 |
| THETA | 0.243 | GO    | 218.3  | 202.7    | 26.60   | 17.59    | 9.007 | 114.2 | 0.115 | 27.02 | 0.000 | 2.945 | 40.03  | 70.00 |
| THETA | 0.249 | GO    | 223.9  | 197.7    | 27.99   | 18.84    | 9.155 | 123.4 | 0.147 | 27.46 | 0.000 | 3.780 | 41.06  | 72.31 |
| THETA | 0.260 | GO    | 233.7  | 220.8    | 30.49   | 21.25    | 9.243 | 132.6 | 0.087 | 27.72 | 0.000 | 2.252 | 42.86  | 72.84 |
| THETA | 0.271 | GO    | 243.6  | 233.4    | 33.12   | 23.82    | 9.301 | 141.9 | 0.058 | 27.90 | 0.000 | 1.486 | 44.67  | 74.06 |
| THETA | 0.282 | GO    | 253.4  | 247.0    | 35.85   | 26.54    | 9.317 | 151.3 | 0.016 | 27.95 | 0.000 | 0.414 | 46.47  | 74.84 |
| THETA | 0.293 | GO    | 263.3  | 259.2    | 38.70   | 29.39    | 9.308 | 160.6 | -0.008| 27.92 | 0.000 | -0.229| 48.28  | 75.98 |
| THETA | 0.300 | GO    | 269.0  | 273.8    | 40.38   | 31.12    | 9.259 | 169.8 | -0.048| 27.77 | 0.000 | -1.242| 49.32  | 75.85 |
| THETA | 0.311 | GO    | 278.8  | 285.2    | 43.39   | 34.26    | 9.134 | 179.0 | -0.124| 27.40 | 0.000 | -3.194| 51.13  | 75.34 |
| THETA | 0.322 | GO    | 288.7  | 293.7    | 46.51   | 37.49    | 9.025 | 188.0 | -0.109| 27.07 | 0.000 | -2.799| 52.94  | 77.21 |
| THETA | 0.333 | GO    | 298.5  | 302.4    | 49.75   | 40.82    | 8.929 | 196.9 | -0.096| 26.78 | 0.000 | -2.464| 54.74  | 79.07 |
| THETA | 0.339 | GO    | 304.2  | 312.1    | 51.65   | 42.79    | 8.861 | 205.8 | -0.067| 26.58 | 0.000 | -1.730| 55.78  | 80.63 |
| THETA | 0.350 | GO    | 314.1  | 320.4    | 55.05   | 46.31    | 8.738 | 214.5 | -0.123| 26.21 | 0.000 | -3.167| 57.59  | 80.63 |
| THETA | 0.361 | GO    | 323.9  | 331.9    | 58.56   | 49.97    | 8.596 | 223.1 | -0.141| 25.78 | 0.000 | -3.628| 59.40  | 81.56 |
| THETA | 0.372 | GO    | 333.8  | 342.1    | 62.18   | 53.73    | 8.450 | 231.6 | -0.145| 25.35 | 0.000 | -3.722| 61.21  | 82.84 |
| THETA | 0.383 | GO    | 343.6  | 354.5    | 65.89   | 57.61    | 8.277 | 239.8 | -0.173| 24.83 | 0.000 | -4.439| 63.00  | 83.40 |
| THETA | 0.389 | GO    | 349.2  | 358.9    | 68.05   | 59.85    | 8.199 | 248.0 | -0.078| 24.59 | 0.000 | -2.002| 64.03  | 86.62 |
| THETA | 0.400 | GO    | 358.9  | 368.9    | 71.90   | 63.87    | 8.037 | 256.1 | -0.161| 24.11 | 0.000 | -4.137| 65.82  | 85.79 |
| THETA | 0.411 | GO    | 368.8  | 380.2    | 75.92   | 68.07    | 7.857 | 263.9 | -0.180| 23.57 | 0.000 | -4.619| 67.63  | 86.58 |
| THETA | 0.422 | GO    | 378.7  | 387.2    | 80.04   | 72.33    | 7.709 | 271.6 | -0.147| 23.12 | 0.000 | -3.784| 69.44  | 88.78 |
| THETA | 0.433 | GO    | 388.5  | 399.5    | 84.26   | 76.73    | 7.533 | 279.2 | -0.175| 22.60 | 0.000 | -4.489| 71.25  | 89.36 |
| THETA | 0.439 | GO    | 394.2  | 409.6    | 86.72   | 79.30    | 7.419 | 286.6 | -0.114| 22.25 | 0.000 | -2.934| 72.28  | 91.60 |
| THETA | 0.450 | GO    | 404.0  | 412.1    | 91.11   | 83.83    | 7.275 | 293.9 | -0.143| 21.82 | 0.000 | -3.672| 74.09  | 92.24 |
| THETA | 0.461 | GO    | 413.9  | 419.9    | 95.61   | 88.46    | 7.155 | 301.0 | -0.120| 21.46 | 0.000 | -3.093| 75.89  | 94.27 |
| THETA | 0.472 | GO    | 423.8  | 426.9    | 100.2   | 93.16    | 7.066 | 308.1 | -0.088| 21.19 | 0.000 | -2.270| 77.70  | 96.63 |
| THETA | 0.483 | GO    | 433.6  | 443.1    | 104.9   | 98.02    | 6.907 | 315.0 | -0.158| 20.72 | 0.000 | -4.064| 79.51  | 96.16 |
| THETA | 0.490 | GO    | 439.2  | 451.5    | 107.6   | 100.8    | 6.812 | 321.8 | -0.095| 20.43 | 0.000 | -2.433| 80.54  | 98.55 |
| THETA | 0.501 | GO    | 449.1  | 459.6    | 112.5   | 105.9    | 6.642 | 328.5 | -0.170| 19.92 | 0.000 | -4.358| 82.35  | 97.92 |
| THETA | 0.512 | GO    | 459.0  | 468.1    | 117.5   | 111.0    | 6.487 | 334.9 | -0.154| 19.46 | 0.000 | -3.963| 84.16  | 99.66 |
| THETA | 0.523 | GO    | 468.8  | 477.2    | 122.6   | 116.3    | 6.341 | 341.3 | -0.146| 19.02 | 0.000 | -3.751| 85.97  | 101.2 |
| THETA | 0.529 | GO    | 474.5  | 480.7    | 125.6   | 119.3    | 6.284 | 347.6 | -0.056| 18.85 | 0.000 | -1.453| 87.00  | 104.4 |
| THETA | 0.540 | GO    | 484.3  | 484.8    | 130.9   | 124.7    | 6.224 | 353.8 | -0.059| 18.67 | 0.000 | -1.520| 88.81  | 105.9 |
| THETA | 0.551 | GO    | 494.2  | 495.0    | 136.3   | 130.1    | 6.161 | 359.9 | -0.063| 18.48 | 0.000 | -1.613| 90.62  | 107.4 |
| THETA | 0.562 | GO    | 504.1  | 506.1    | 141.8   | 135.7    | 6.085 | 366.0 | -0.076| 18.25 | 0.000 | -1.951| 92.43  | 108.7 |
| THETA | 0.573 | GO    | 513.9  | 518.9    | 147.4   | 141.4    | 5.977 | 372.0 | -0.108| 17.93 | 0.000 | -2.778| 94.24  | 109.3 |
| THETA | 0.579 | GO    | 519.5  | 526.5    | 150.6   | 144.7    | 5.915 | 377.9 | -0.061| 17.74 | 0.000 | -1.570| 95.27  | 111.4 |
| THETA | 0.590 | GO    | 529.4  | 529.5    | 156.4   | 150.5    | 5.860 | 383.8 | -0.055| 17.58 | 0.000 | -1.412| 97.08  | 113.2 |
| THETA | 0.601 | GO    | 539.3  | 538.5    | 162.3   | 156.5    | 5.814 | 389.6 | -0.046| 17.44 | 0.000 | -1.184| 98.89  | 115.1 |
| THETA | 0.612 | GO    | 549.1  | 553.0    | 168.3   | 162.5    | 5.717 | 395.3 | -0.096| 17.15 | 0.000 | -2.469| 100.6  | 115.3 |
| THETA | 0.619 | GO    | 554.8  | 562.1    | 171.7   | 166.1    | 5.653 | 401.0 | -0.063| 16.96 | 0.000 | -1.636| 101.7  | 117.0 |
| THETA | 0.630 | GO    | 564.6  | 570.3    | 177.9   | 172.4    | 5.537 | 406.5 | -0.116| 16.61 | 0.000 | -2.973| 103.5  | 117.1 |
| THETA | 0.641 | GO    | 574.5  | 579.3    | 184.1   | 178.7    | 5.430 | 411.9 | -0.107| 16.29 | 0.000 | -2.744| 105.3  | 118.8 |
| THETA | 0.652 | GO    | 584.3  | 590.4    | 190.5   | 185.2    | 5.309 | 417.3 | -0.121| 15.92 | 0.000 | -3.108| 107.1  | 119.9 |
| THETA | 0.663 | GO    | 594.2  | 603.7    | 197.0   | 191.9    | 5.150 | 422.4 | -0.158| 15.45 | 0.000 | -4.057| 108.9  | 120.3 |
| THETA | 0.669 | GO    | 599.9  | 605.7    | 200.8   | 195.7    | 5.096 | 427.5 | -0.054| 15.28 | 0.000 | -1.393| 109.9  | 123.8 |
| THETA | 0.680 | GO    | 609.7  | 610.0    | 207.4   | 202.4    | 5.038 | 432.5 | -0.057| 15.11 | 0.000 | -1.480| 111.7  | 125.4 |
| THETA | 0.691 | GO    | 619.5  | 620.2    | 214.2   | 209.2    | 4.976 | 437.5 | -0.061| 14.93 | 0.000 | -1.569| 113.6  | 126.9 |
| THETA | 0.702 | GO    | 629.4  | 646.6    | 221.0   | 216.3    | 4.732 | 442.2 | -0.244| 14.19 | 0.000 | -6.249| 115.4  | 123.3 |
| THETA | 0.713 | GO    | 639.2  | 659.2    | 228.0   | 223.6    | 4.458 | 446.7 | -0.274| 13.37 | 0.000 | -7.014| 117.2  | 123.5 |
| THETA | 0.719 | GO    | 644.9  | 661.7    | 232.1   | 227.7    | 4.334 | 451.0 | -0.123| 13.00 | 0.000 | -3.172| 118.2  | 128.0 |
| THETA | 0.730 | GO    | 654.8  | 659.0    | 239.2   | 235.0    | 4.234 | 455.3 | -0.100| 12.70 | 0.000 | -2.581| 120.0  | 130.1 |
| THETA | 0.741 | GO    | 664.7  | 673.3    | 246.5   | 242.4    | 4.083 | 459.4 | -0.150| 12.25 | 0.000 | -3.843| 121.8  | 130.2 |
| THETA | 0.752 | GO    | 674.5  | 680.9    | 253.9   | 249.9    | 3.959 | 463.3 | -0.124| 11.87 | 0.000 | -3.189| 123.6  | 132.3 |
| THETA | 0.759 | GO    | 674.4  | 682.2    | 258.1   | 254.2    | 3.919 | 467.2 | -0.039| 11.75 | 0.000 | -1.021| 123.6  | 134.3 |
| THETA | 0.770 | GO    | 664.4  | 688.8    | 265.6   | 261.9    | 3.703 | 470.9 | -0.215| 11.11 | 0.000 | -5.514| 121.8  | 127.4 |
| THETA | 0.781 | GO    | 654.4  | 696.9    | 272.9   | 269.6    | 3.286 | 474.2 | -0.417| 9.860 | 0.000 | -10.67| 120.0  | 119.1 |
| THETA | 0.792 | GO    | 644.5  | 705.9    | 280.1   | 277.5    | 2.658 | 476.9 | -0.628| 7.974 | 0.000 | -16.09| 118.1  | 110.0 |
| THETA | 0.798 | GO    | 638.7  | 708.5    | 284.3   | 282.0    | 2.230 | 479.1 | -0.428| 6.690 | 0.000 | -10.96| 117.1  | 112.8 |
| THETA | 0.810 | GO    | 628.8  | 708.8    | 291.3   | 289.9    | 1.396 | 480.5 | -0.833| 4.190 | 0.000 | -21.32| 115.2  | 98.16 |
| THETA | 0.821 | GO    | 618.8  | 700.1    | 298.2   | 297.7    | 0.546 | 481.1 | -0.849| 1.640 | 0.000 | -21.75| 113.4  | 93.35 |
| THETA | 0.832 | GO    | 608.8  | 689.4    | 305.1   | 305.4    | -0.294| 480.8 | -0.841| -0.883| 0.000 | -21.54| 111.6  | 89.21 |
| THETA | 0.838 | GO    | 603.1  | 683.1    | 309.0   | 309.7    | -0.788| 480.0 | -0.493| -2.365| 0.000 | -12.64| 110.5  | 95.57 |
| THETA | 0.849 | GO    | 593.1  | 675.2    | 315.6   | 317.2    | -1.644| 478.3 | -0.856| -4.934| 0.000 | -21.92| 108.7  | 81.90 |
| THETA | 0.860 | GO    | 583.2  | 665.1    | 322.1   | 324.6    | -2.502| 475.8 | -0.857| -7.507| 0.000 | -21.95| 106.9  | 77.47 |
| THETA | 0.872 | GO    | 573.2  | 650.3    | 328.6   | 331.9    | -3.306| 472.5 | -0.803| -9.918| 0.000 | -20.57| 105.1  | 74.60 |
| THETA | 0.883 | GO    | 563.2  | 639.5    | 334.9   | 339.0    | -4.098| 468.4 | -0.792| -12.29| 0.000 | -20.27| 103.2  | 70.71 |
| THETA | 0.889 | GO    | 557.5  | 625.9    | 338.5   | 343.0    | -4.520| 463.9 | -0.421| -13.56| 0.000 | -10.79| 102.2  | 77.86 |
| THETA | 0.900 | GO    | 547.5  | 616.5    | 344.6   | 349.9    | -5.231| 458.7 | -0.710| -15.69| 0.000 | -18.20| 100.4  | 66.50 |
| THETA | 0.911 | GO    | 537.5  | 602.3    | 350.7   | 356.6    | -5.896| 452.8 | -0.665| -17.69| 0.000 | -17.04| 98.57  | 63.83 |
| THETA | 0.923 | GO    | 527.6  | 589.9    | 356.6   | 363.1    | -6.535| 446.2 | -0.638| -19.60| 0.000 | -16.34| 96.74  | 60.79 |
| THETA | 0.929 | GO    | 521.8  | 573.1    | 360.0   | 366.8    | -6.844| 439.4 | -0.309| -20.53| 0.000 | -7.925| 95.69  | 67.22 |
| THETA | 0.940 | GO    | 511.8  | 557.9    | 365.7   | 373.0    | -7.302| 432.1 | -0.457| -21.90| 0.000 | -11.71| 93.86  | 60.24 |
| THETA | 0.951 | GO    | 501.9  | 547.4    | 371.4   | 379.1    | -7.753| 424.3 | -0.451| -23.26| 0.000 | -11.56| 92.03  | 57.20 |
| THETA | 0.962 | GO    | 491.9  | 537.4    | 376.9   | 385.1    | -8.203| 416.1 | -0.449| -24.61| 0.000 | -11.50| 90.20  | 54.08 |
| THETA | 0.969 | GO    | 486.2  | 512.3    | 380.0   | 388.4    | -8.353| 407.8 | -0.149| -25.05| 0.000 | -3.830| 89.15  | 60.26 |
| THETA | 0.980 | GO    | 476.2  | 496.9    | 385.4   | 393.9    | -8.528| 399.3 | -0.175| -25.58| 0.000 | -4.481| 87.32  | 57.25 |
| THETA | 0.991 | GO    | 466.2  | 474.3    | 390.6   | 399.2    | -8.562| 390.7 | -0.034| -25.68| 0.000 | -0.876| 85.49  | 58.93 |
| THETA | 1.002 | GO    | 456.3  | 467.9    | 395.7   | 404.4    | -8.636| 382.1 | -0.073| -25.90| 0.000 | -1.892| 83.67  | 55.87 |
| THETA | 1.008 | GO    | 450.5  | 464.1    | 398.6   | 407.4    | -8.704| 373.4 | -0.068| -26.11| 0.000 | -1.754| 82.62  | 54.75 |
| THETA | 1.020 | GO    | 440.6  | 458.2    | 403.6   | 412.4    | -8.845| 364.5 | -0.140| -26.53| 0.000 | -3.600| 80.79  | 50.65 |
| THETA | 1.031 | GO    | 430.6  | 446.4    | 408.4   | 417.4    | -8.965| 355.5 | -0.120| -26.89| 0.000 | -3.079| 78.96  | 48.98 |
| THETA | 1.042 | GO    | 420.6  | 422.0    | 413.2   | 422.1    | -8.925| 346.6 | 0.040 | -26.77| 0.000 | 1.042 | 77.13  | 51.40 |
| THETA | 1.048 | GO    | 414.9  | 412.6    | 415.9   | 424.8    | -8.892| 337.7 | 0.032 | -26.67| 0.000 | 0.843 | 76.08  | 50.25 |
| THETA | 1.059 | GO    | 404.9  | 402.7    | 420.4   | 429.2    | -8.811| 328.9 | 0.080 | -26.43| 0.000 | 2.066 | 74.25  | 49.88 |
| THETA | 1.071 | GO    | 395.0  | 394.9    | 424.9   | 433.6    | -8.755| 320.2 | 0.055 | -26.26| 0.000 | 1.423 | 72.42  | 47.58 |
| THETA | 1.082 | GO    | 385.0  | 383.6    | 429.2   | 437.9    | -8.684| 311.5 | 0.071 | -26.05| 0.000 | 1.818 | 70.59  | 46.36 |
| THETA | 1.088 | GO    | 379.2  | 372.3    | 431.7   | 440.3    | -8.622| 302.8 | 0.062 | -25.86| 0.000 | 1.602 | 69.54  | 45.28 |
| THETA | 1.099 | GO    | 369.3  | 363.4    | 435.8   | 444.3    | -8.501| 294.3 | 0.120 | -25.50| 0.000 | 3.085 | 67.71  | 45.29 |
| THETA | 1.110 | GO    | 359.4  | 350.1    | 439.9   | 448.2    | -8.345| 286.0 | 0.156 | -25.03| 0.000 | 4.005 | 65.90  | 44.87 |
| THETA | 1.121 | GO    | 349.4  | 333.6    | 443.8   | 451.9    | -8.114| 277.9 | 0.231 | -24.34| 0.000 | 5.917 | 64.07  | 45.64 |
| THETA | 1.128 | GO    | 343.7  | 324.9    | 446.0   | 454.0    | -7.975| 269.9 | 0.138 | -23.92| 0.000 | 3.537 | 63.02  | 42.63 |
| THETA | 1.139 | GO    | 333.7  | 319.7    | 449.8   | 457.6    | -7.764| 262.1 | 0.211 | -23.29| 0.000 | 5.412 | 61.19  | 43.31 |
| THETA | 1.150 | GO    | 323.7  | 311.5    | 453.5   | 461.0    | -7.573| 254.6 | 0.191 | -22.72| 0.000 | 4.892 | 59.36  | 41.53 |
| THETA | 1.161 | GO    | 313.8  | 306.0    | 457.0   | 464.4    | -7.431| 247.1 | 0.141 | -22.29| 0.000 | 3.625 | 57.53  | 38.86 |
| THETA | 1.172 | GO    | 303.8  | 295.0    | 460.4   | 467.7    | -7.278| 239.9 | 0.153 | -21.83| 0.000 | 3.917 | 55.70  | 37.78 |
| THETA | 1.179 | GO    | 298.0  | 285.5    | 462.4   | 469.6    | -7.179| 232.7 | 0.099 | -21.53| 0.000 | 2.541 | 54.65  | 35.65 |
| THETA | 1.190 | GO    | 288.1  | 276.9    | 465.6   | 472.6    | -7.000| 225.7 | 0.178 | -21.00| 0.000 | 4.574 | 52.82  | 36.39 |
| THETA | 1.201 | GO    | 278.1  | 268.8    | 468.8   | 475.6    | -6.841| 218.8 | 0.158 | -20.52| 0.000 | 4.070 | 51.00  | 34.54 |
| THETA | 1.212 | GO    | 268.1  | 261.6    | 471.8   | 478.5    | -6.713| 212.1 | 0.128 | -20.13| 0.000 | 3.294 | 49.17  | 32.32 |
| THETA | 1.218 | GO    | 262.4  | 255.2    | 473.5   | 480.2    | -6.648| 205.5 | 0.064 | -19.94| 0.000 | 1.654 | 48.12  | 29.83 |
| THETA | 1.230 | GO    | 252.4  | 246.1    | 476.4   | 482.9    | -6.522| 199.0 | 0.125 | -19.56| 0.000 | 3.217 | 46.29  | 29.94 |
| THETA | 1.241 | GO    | 242.5  | 235.4    | 479.1   | 485.5    | -6.389| 192.6 | 0.133 | -19.16| 0.000 | 3.411 | 44.46  | 28.71 |
| THETA | 1.252 | GO    | 232.5  | 225.3    | 481.8   | 488.0    | -6.254| 186.3 | 0.135 | -18.76| 0.000 | 3.467 | 42.63  | 27.34 |
| THETA | 1.258 | GO    | 226.8  | 219.7    | 483.2   | 489.4    | -6.190| 180.1 | 0.063 | -18.57| 0.000 | 1.622 | 41.58  | 24.63 |
| THETA | 1.269 | GO    | 216.8  | 212.5    | 485.7   | 491.8    | -6.086| 174.0 | 0.103 | -18.26| 0.000 | 2.656 | 39.75  | 24.15 |
| THETA | 1.280 | GO    | 207.1  | 209.4    | 488.0   | 494.1    | -6.059| 168.0 | 0.027 | -18.17| 0.000 | 0.710 | 37.99  | 20.52 |
| THETA | 1.291 | GO    | 197.5  | 191.3    | 490.2   | 496.1    | -5.940| 162.0 | 0.119 | -17.82| 0.000 | 3.047 | 36.22  | 21.44 |
| THETA | 1.302 | GO    | 187.8  | 178.6    | 492.3   | 498.0    | -5.789| 156.2 | 0.151 | -17.36| 0.000 | 3.866 | 34.44  | 20.94 |
| THETA | 1.308 | GO    | 182.1  | 163.3    | 493.4   | 499.1    | -5.649| 150.6 | 0.139 | -16.94| 0.000 | 3.561 | 33.39  | 20.00 |
| THETA | 1.319 | GO    | 172.4  | 171.8    | 495.4   | 500.9    | -5.591| 145.0 | 0.058 | -16.77| 0.000 | 1.503 | 31.62  | 16.34 |
| THETA | 1.330 | GO    | 162.7  | 155.2    | 497.2   | 502.6    | -5.457| 139.5 | 0.133 | -16.37| 0.000 | 3.419 | 29.84  | 16.89 |
| THETA | 1.340 | GO    | 153.1  | 145.0    | 498.9   | 504.2    | -5.318| 134.2 | 0.139 | -15.95| 0.000 | 3.566 | 28.07  | 15.68 |
| THETA | 1.351 | GO    | 143.4  | 134.6    | 500.5   | 505.6    | -5.171| 129.1 | 0.147 | -15.51| 0.000 | 3.770 | 26.30  | 14.56 |
| THETA | 1.358 | GO    | 137.6  | 121.7    | 501.4   | 506.4    | -5.050| 124.0 | 0.120 | -15.15| 0.000 | 3.096 | 25.24  | 13.19 |
| THETA | 1.368 | GO    | 128.0  | 122.4    | 502.8   | 507.7    | -4.937| 119.1 | 0.112 | -14.81| 0.000 | 2.874 | 23.47  | 11.53 |
| THETA | 1.379 | GO    | 118.3  | 114.4    | 504.1   | 509.0    | -4.843| 114.2 | 0.094 | -14.53| 0.000 | 2.407 | 21.70  | 9.580 |
| THETA | 1.390 | GO    | 108.6  | 103.9    | 505.4   | 510.1    | -4.740| 109.5 | 0.103 | -14.22| 0.000 | 2.642 | 19.92  | 8.348 |
| THETA | 1.401 | GO    | 99.04  | 90.84    | 506.5   | 511.1    | -4.600| 104.9 | 0.140 | -13.80| 0.000 | 3.584 | 18.16  | 7.944 |
| THETA | 1.411 | GO    | 89.70  | 82.86    | 507.5   | 511.9    | -4.480| 100.4 | 0.120 | -13.44| 0.000 | 3.075 | 16.44  | 6.081 |
| THETA | 1.418 | GO    | 83.93  | 70.92    | 508.0   | 512.4    | -4.378| 96.07 | 0.102 | -13.13| 0.000 | 2.617 | 15.39  | 4.873 |
| THETA | 1.428 | GO    | 74.62  | 71.86    | 508.8   | 513.1    | -4.301| 91.77 | 0.077 | -12.90| 0.000 | 1.975 | 13.68  | 2.754 |
| THETA | 1.439 | GO    | 64.95  | 60.67    | 509.6   | 513.8    | -4.202| 87.57 | 0.098 | -12.60| 0.000 | 2.515 | 11.91  | 1.817 |
| THETA | 1.449 | GO    | 55.63  | 53.26    | 510.2   | 514.4    | -4.129| 83.44 | 0.073 | -12.38| 0.000 | 1.872 | 10.20  | -0.314|
| THETA | 1.460 | GO    | 45.97  | 45.61    | 510.8   | 514.8    | -4.073| 79.37 | 0.055 | -12.22| 0.000 | 1.432 | 8.430  | -2.357|
| THETA | 1.470 | GO    | 36.65  | 38.11    | 511.2   | 515.2    | -4.040| 75.32 | 0.033 | -12.12| 0.000 | 0.850 | 6.721  | -4.548|
| THETA | 1.481 | GO    | 26.99  | 30.34    | 511.5   | 515.6    | -4.024| 71.30 | 0.016 | -12.07| 0.000 | 0.410 | 4.950  | -6.712|
| THETA | 1.487 | GO    | 21.54  | 27.09    | 511.7   | 515.7    | -4.041| 67.26 | -0.017| -12.12| 0.000 | -0.439| 3.951  | -8.612|
| THETA | 1.498 | GO    | 12.23  | 20.20    | 511.9   | 515.9    | -4.076| 63.18 | -0.034| -12.22| 0.000 | -0.882| 2.242  | -10.86|
| THETA | 1.508 | GO    | 2.911  | 12.39    | 511.9   | 516.1    | -4.126| 59.06 | -0.050| -12.37| 0.000 | -1.284| 0.533  | -13.12|
| THETA | 1.519 | GO    | 0.000  | 6.889    | 512.0   | 516.1    | -4.193| 54.86 | -0.066| -12.57| 0.000 | -1.712| 0.000  | -14.29|
| THETA | 1.529 | GO    | 0.000  | -0.225   | 512.0   | 516.1    | -4.190| 50.67 | 0.002 | -12.57| 0.000 | 0.059 | 0.000  | -12.51|
| THETA | 1.539 | GO    | 0.000  | -4.189   | 512.0   | 516.1    | -4.147| 46.53 | 0.043 | -12.44| 0.000 | 1.101 | 0.000  | -11.34|
| THETA | 1.549 | GO    | 0.000  | -3.951   | 512.0   | 516.1    | -4.107| 42.42 | 0.040 | -12.32| 0.000 | 1.039 | 0.000  | -11.28|
| THETA | 1.560 | GO    | 0.000  | -3.719   | 512.0   | 516.0    | -4.068| 38.35 | 0.038 | -12.20| 0.000 | 0.978 | 0.000  | -11.22|
| THETA | 1.570 | GO    | 0.000  | -6.048   | 512.0   | 516.0    | -4.006| 34.34 | 0.062 | -12.02| 0.000 | 1.590 | 0.000  | -10.42|
| THETA | 1.580 | GO    | 0.000  | -9.530   | 512.0   | 515.9    | -3.908| 30.43 | 0.097 | -11.72| 0.000 | 2.506 | 0.000  | -9.220|
| THETA | 1.590 | GO    | 0.000  | -12.08   | 512.0   | 515.7    | -3.784| 26.65 | 0.124 | -11.35| 0.000 | 3.178 | 0.000  | -8.176|
| THETA | 1.601 | GO    | 0.000  | -12.78   | 512.0   | 515.6    | -3.653| 22.99 | 0.131 | -10.96| 0.000 | 3.362 | 0.000  | -7.597|
| THETA | 1.611 | GO    | 0.000  | -11.85   | 512.0   | 515.5    | -3.531| 19.46 | 0.121 | -10.59| 0.000 | 3.118 | 0.000  | -7.476|
| THETA | 1.621 | GO    | 0.000  | -8.128   | 512.0   | 515.4    | -3.448| 16.02 | 0.083 | -10.34| 0.000 | 2.137 | 0.000  | -8.206|
| THETA | 1.627 | GO    | 0.000  | -5.258   | 512.0   | 515.4    | -3.416| 12.60 | 0.031 | -10.25| 0.000 | 0.796 | 0.000  | -9.454|
| THETA | 1.637 | GO    | 0.000  | -5.347   | 512.0   | 515.3    | -3.362| 9.241 | 0.054 | -10.08| 0.000 | 1.406 | 0.000  | -8.679|
| THETA | 1.648 | GO    | 0.000  | -6.500   | 512.0   | 515.2    | -3.295| 5.945 | 0.066 | -9.885| 0.000 | 1.709 | 0.000  | -8.176|
| THETA | 1.658 | GO    | 0.000  | -8.841   | 512.0   | 515.2    | -3.204| 2.741 | 0.090 | -9.613| 0.000 | 2.325 | 0.000  | -7.288|
| THETA | 1.668 | GO    | 0.000  | -8.134   | 512.0   | 515.1    | -3.120| -0.379| 0.083 | -9.362| 0.000 | 2.139 | 0.000  | -7.223|
| THETA | 1.679 | GO    | 0.000  | -6.042   | 512.0   | 515.0    | -3.058| -3.438| 0.062 | -9.176| 0.000 | 1.589 | 0.000  | -7.587|
| THETA | 1.689 | GO    | 0.000  | -3.963   | 512.0   | 515.0    | -3.018| -6.456| 0.040 | -9.054| 0.000 | 1.039 | 0.000  | -8.015|
| THETA | 1.699 | GO    | 0.000  | -3.256   | 512.0   | 514.9    | -2.984| -9.441| 0.033 | -8.954| 0.000 | 0.856 | 0.000  | -8.098|
| THETA | 1.709 | GO    | 0.000  | -2.786   | 512.0   | 514.9    | -2.956| -12.39| 0.028 | -8.868| 0.000 | 0.732 | 0.000  | -8.135|
| THETA | 1.720 | GO    | 0.000  | -3.957   | 512.0   | 514.9    | -2.915| -15.31| 0.040 | -8.746| 0.000 | 1.040 | 0.000  | -7.705|
| THETA | 1.730 | GO    | 0.000  | -2.786   | 512.0   | 514.8    | -2.886| -18.20| 0.028 | -8.660| 0.000 | 0.732 | 0.000  | -7.927|
| THETA | 1.740 | GO    | 0.000  | -1.346   | 512.0   | 514.8    | -2.872| -21.07| 0.014 | -8.617| 0.000 | 0.367 | 0.000  | -8.250|
| THETA | 1.751 | GO    | 0.000  | -0.464   | 512.0   | 514.8    | -2.867| -23.94| 0.004 | -8.603| 0.000 | 0.121 | 0.000  | -8.481|
| THETA | 1.761 | GO    | 0.000  | -0.701   | 512.0   | 514.8    | -2.860| -26.80| 0.007 | -8.581| 0.000 | 0.184 | 0.000  | -8.397|
| THETA | 1.767 | GO    | 0.000  | -0.389   | 512.0   | 514.8    | -2.858| -29.65| 0.002 | -8.574| 0.000 | 0.059 | 0.000  | -8.515|
| THETA | 1.777 | GO    | 0.000  | -0.701   | 512.0   | 514.8    | -2.851| -32.51| 0.007 | -8.553| 0.000 | 0.184 | 0.000  | -8.368|
| THETA | 1.787 | GO    | 0.000  | -0.464   | 512.0   | 514.8    | -2.846| -35.35| 0.004 | -8.538| 0.000 | 0.121 | 0.000  | -8.417|
| THETA | 1.798 | GO    | 0.000  | 0.464    | 512.0   | 514.8    | -2.851| -38.20| -0.004| -8.553| 0.000 | -0.121| 0.000  | -8.675|
| THETA | 1.808 | GO    | 0.000  | 0.000    | 512.0   | 514.8    | -2.851| -41.05| 0.000 | -8.553| 0.000 | 0.000 | 0.000  | -8.553|
| THETA | 1.818 | GO    | 0.000  | 0.000    | 512.0   | 514.8    | -2.851| -43.90| 0.000 | -8.553| 0.000 | 0.000 | 0.000  | -8.553|
| THETA | 1.828 | GO    | 0.000  | 0.232    | 512.0   | 514.8    | -2.853| -46.76| -0.002| -8.560| 0.000 | -0.060| 0.000  | -8.621|
| THETA | 1.839 | GO    | 0.000  | 0.697    | 512.0   | 514.8    | -2.860| -49.62| -0.007| -8.581| 0.000 | -0.182| 0.000  | -8.764|
| THETA | 1.849 | GO    | 0.000  | 0.469    | 512.0   | 514.8    | -2.865| -52.48| -0.004| -8.596| 0.000 | -0.123| 0.000  | -8.719|
| THETA | 1.859 | GO    | 0.000  | 0.231    | 512.0   | 514.8    | -2.867| -55.35| -0.002| -8.603| 0.000 | -0.060| 0.000  | -8.664|
| THETA | 1.870 | GO    | 0.000  | 0.231    | 512.0   | 514.8    | -2.870| -58.22| -0.002| -8.610| 0.000 | -0.060| 0.000  | -8.671|
| THETA | 1.880 | GO    | 0.000  | 0.231    | 512.0   | 514.8    | -2.872| -61.09| -0.002| -8.617| 0.000 | -0.060| 0.000  | -8.678|
| THETA | 1.890 | GO    | 0.000  | 0.000    | 512.0   | 514.8    | -2.872| -63.97| 0.000 | -8.617| 0.000 | 0.000 | 0.000  | -8.617|
| THETA | 1.900 | GO    | 0.000  | 0.000    | 512.0   | 514.8    | -2.872| -66.84| 0.000 | -8.617| 0.000 | 0.000 | 0.000  | -8.617|
| THETA | 1.910 | GO    | 0.000  | 0.466    | 512.0   | 514.8    | -2.877| -69.72| -0.004| -8.631| 0.000 | -0.121| 0.000  | -8.753|
| THETA | 1.921 | GO    | 0.000  | 0.237    | 512.0   | 514.8    | -2.879| -72.60| -0.002| -8.639| 0.000 | -0.062| 0.000  | -8.701|
| THETA | 1.927 | GO    | 0.000  | 0.000    | 512.0   | 514.8    | -2.879| -75.48| 0.000 | -8.639| 0.000 | 0.000 | 0.000  | -8.639|
| THETA | 1.937 | GO    | 0.000  | 0.227    | 512.0   | 514.8    | -2.882| -78.36| -0.002| -8.646| 0.000 | -0.059| 0.000  | -8.705|
| THETA | 1.947 | GO    | 0.000  | -0.225   | 512.0   | 514.8    | -2.879| -81.24| 0.002 | -8.639| 0.000 | 0.059 | 0.000  | -8.579|
| THETA | 1.957 | GO    | 0.000  | -0.237   | 512.0   | 514.8    | -2.877| -84.12| 0.002 | -8.631| 0.000 | 0.062 | 0.000  | -8.569|
| THETA | 1.968 | GO    | 0.000  | -0.463   | 512.0   | 514.8    | -2.872| -86.99| 0.004 | -8.617| 0.000 | 0.121 | 0.000  | -8.495|
| THETA | 1.978 | GO    | 0.000  | -0.463   | 512.0   | 514.8    | -2.867| -89.86| 0.004 | -8.603| 0.000 | 0.121 | 0.000  | -8.481|
| THETA | 1.988 | GO    | 0.000  | -0.237   | 512.0   | 514.8    | -2.865| -92.72| 0.002 | -8.596| 0.000 | 0.062 | 0.000  | -8.533|
| THETA | 1.999 | GO    | 0.000  | -0.689   | 512.0   | 514.8    | -2.858| -95.58| 0.007 | -8.574| 0.000 | 0.181 | 0.000  | -8.393|
| ALPHA | 0.040 | MAINTAIN| 0.000  | 0.000    | 0.000   | 0.000    | 0.000 | 0.000 | 0.000 | 0.000 | 0.000 | 0.000 | 0.000  | 0.000 |
| ALPHA | 0.057 | MAINTAIN| 0.000  | -0.846   | 0.000   | -0.014   | 0.014 | 0.014 | 0.014 | 0.071 | 0.000 | 0.733 | 0.000  | 0.805 |
| ALPHA | 0.063 | MAINTAIN| 0.000  | 0.000    | 0.000   | -0.014   | 0.014 | 0.028 | -0.000| 0.071 | 0.000 | -0.000| 0.000  | 0.071 |
| ALPHA | 0.073 | MAINTAIN| 0.000  | -0.701   | 0.000   | -0.021   | 0.021 | 0.050 | 0.007 | 0.107 | 0.000 | 0.366 | 0.000  | 0.474 |
| ALPHA | 0.083 | MAINTAIN| 0.000  | -0.699   | 0.000   | -0.028   | 0.028 | 0.078 | 0.007 | 0.143 | 0.000 | 0.366 | 0.000  | 0.510 |
| ALPHA | 0.093 | MAINTAIN| 0.000  | 0.701    | 0.000   | -0.021   | 0.021 | 0.100 | -0.007| 0.107 | 0.000 | -0.366| 0.000  | -0.259|
| ALPHA | 0.100 | MAINTAIN| 0.000  | -0.378   | 0.000   | -0.023   | 0.023 | 0.124 | 0.002 | 0.119 | 0.000 | 0.122 | 0.000  | 0.241 |
| ALPHA | 0.110 | MAINTAIN| 0.000  | -0.932   | 0.000   | -0.033   | 0.033 | 0.157 | 0.009 | 0.167 | 0.000 | 0.489 | 0.000  | 0.656 |
| ALPHA | 0.120 | MAINTAIN| 0.000  | -0.929   | 0.000   | -0.042   | 0.042 | 0.200 | 0.009 | 0.214 | 0.000 | 0.489 | 0.000  | 0.703 |
| ALPHA | 0.131 | MAINTAIN| 0.000  | -2.022   | 0.000   | -0.064   | 0.064 | 0.265 | 0.021 | 0.322 | 0.000 | 1.100 | 0.000  | 1.422 |
| ALPHA | 0.142 | MAINTAIN| 0.000  | -1.123   | 0.000   | -0.076   | 0.076 | 0.341 | 0.011 | 0.382 | 0.000 | 0.611 | 0.000  | 0.993 |
| ALPHA | 0.152 | MAINTAIN| 0.000  | -1.627   | 0.000   | -0.093   | 0.093 | 0.434 | 0.016 | 0.465 | 0.000 | 0.855 | 0.000  | 1.321 |
| ALPHA | 0.162 | MAINTAIN| 0.000  | 1.123    | 0.000   | -0.081   | 0.081 | 0.515 | -0.011| 0.405 | 0.000 | -0.611| 0.000  | -0.205|
| ALPHA | 0.173 | MAINTAIN| 0.000  | 3.821    | 0.000   | -0.040   | 0.040 | 0.556 | -0.040| 0.202 | 0.000 | -2.078| 0.000  | -1.875|
| ALPHA | 0.179 | MAINTAIN| 0.000  | 3.030    | 0.000   | -0.021   | 0.021 | 0.577 | -0.019| 0.107 | 0.000 | -0.978| 0.000  | -0.870|
| ALPHA | 0.190 | MAINTAIN| 0.000  | 5.394    | 0.000   | 0.035    | -0.035| 0.542 | -0.057| -0.179| 0.000 | -2.934| 0.000  | -3.113|
| ALPHA | 0.201 | MAINTAIN| 0.000  | 6.498    | 0.000   | 0.105    | -0.105| 0.437 | -0.069| -0.525| 0.000 | -3.545| 0.000  | -4.071|
| ALPHA | 0.211 | MAINTAIN| 0.000  | 3.821    | 0.000   | 0.145    | -0.145| 0.291 | -0.040| -0.728| 0.000 | -2.078| 0.000  | -2.806|
| ALPHA | 0.222 | MAINTAIN| 0.000  | 1.123    | 0.000   | 0.157    | -0.157| 0.133 | -0.011| -0.788| 0.000 | -0.611| 0.000  | -1.399|
| ALPHA | 0.233 | MAINTAIN| 0.000  | 1.344    | 0.000   | 0.171    | -0.171| -0.038| -0.014| -0.859| 0.000 | -0.733| 0.000  | -1.593|
| ALPHA | 0.243 | MAINTAIN| 0.000  | 1.348    | 0.000   | 0.186    | -0.186| -0.224| -0.014| -0.931| 0.000 | -0.733| 0.000  | -1.664|
| ALPHA | 0.249 | MAINTAIN| 0.000  | 1.515    | 0.000   | 0.195    | -0.195| -0.420| -0.009| -0.979| 0.000 | -0.489| 0.000  | -1.468|
| ALPHA | 0.260 | MAINTAIN| 0.000  | 0.218    | 0.000   | 0.198    | -0.198| -0.618| -0.002| -0.991| 0.000 | -0.122| 0.000  | -1.113|
| ALPHA | 0.271 | MAINTAIN| 0.000  | -0.867   | 0.000   | 0.188    | -0.188| -0.807| 0.009 | -0.943| 0.000 | 0.489 | 0.000  | -0.454|
| ALPHA | 0.282 | MAINTAIN| 0.000  | -3.254   | 0.000   | 0.152    | -0.152| -0.959| 0.035 | -0.764| 0.000 | 1.834 | 0.000  | 1.069 |
| ALPHA | 0.293 | MAINTAIN| 0.000  | -4.121   | 0.000   | 0.107    | -0.107| -1.067| 0.045 | -0.537| 0.000 | 2.322 | 0.000  | 1.785 |
| ALPHA | 0.300 | MAINTAIN| 0.000  | -4.166   | 0.000   | 0.081    | -0.081| -1.148| 0.026 | -0.405| 0.000 | 1.344 | 0.000  | 0.938 |
| ALPHA | 0.311 | MAINTAIN| 0.000  | -4.121   | 0.000   | 0.035    | -0.035| -1.184| 0.045 | -0.179| 0.000 | 2.323 | 0.000  | 2.143 |
| ALPHA | 0.322 | MAINTAIN| 0.000  | -1.301   | 0.000   | 0.021    | -0.021| -1.205| 0.014 | -0.107| 0.000 | 0.733 | 0.000  | 0.626 |
| ALPHA | 0.333 | MAINTAIN| 0.000  | -2.169   | 0.000   | -0.002   | 0.002 | -1.203| 0.023 | 0.011 | 0.000 | 1.222 | 0.000  | 1.234 |
| ALPHA | 0.339 | MAINTAIN| 0.000  | -3.030   | 0.000   | -0.021   | 0.021 | -1.182| 0.019 | 0.107 | 0.000 | 0.978 | 0.000  | 1.085 |
| ALPHA | 0.350 | MAINTAIN| 0.000  | -3.687   | 0.000   | -0.062   | 0.062 | -1.119| 0.040 | 0.310 | 0.000 | 2.078 | 0.000  | 2.388 |
| ALPHA | 0.361 | MAINTAIN| 0.000  | -2.603   | 0.000   | -0.090   | 0.090 | -1.029| 0.028 | 0.453 | 0.000 | 1.467 | 0.000  | 1.920 |
| ALPHA | 0.372 | MAINTAIN| 0.000  | -0.650   | 0.000   | -0.097   | 0.097 | -0.931| 0.007 | 0.489 | 0.000 | 0.366 | 0.000  | 0.856 |
| ALPHA | 0.383 | MAINTAIN| 0.000  | -0.218   | 0.000   | -0.100   | 0.100 | -0.831| 0.002 | 0.501 | 0.000 | 0.122 | 0.000  | 0.623 |
| ALPHA | 0.389 | MAINTAIN| 0.000  | 0.000    | 0.000   | -0.100   | 0.100 | -0.730| 0.000 | 0.501 | 0.000 | 0.000 | 0.000  | 0.501 |
| ALPHA | 0.400 | MAINTAIN| 0.000  | 2.414    | 0.000   | -0.074   | 0.074 | -0.656| -0.026| 0.370 | 0.000 | -1.344| 0.000  | -0.974|
| ALPHA | 0.411 | MAINTAIN| 0.000  | 5.623    | 0.000   | -0.011   | 0.011 | -0.644| -0.062| 0.059 | 0.000 | -3.178| 0.000  | -3.119|
| ALPHA | 0.422 | MAINTAIN| 0.000  | 6.724    | 0.000   | 0.062    | -0.062| -0.706| -0.074| -0.310| 0.000 | -3.790| 0.000  | -4.100|
| ALPHA | 0.433 | MAINTAIN| 0.000  | 3.470    | 0.000   | 0.100    | -0.100| -0.807| -0.038| -0.501| 0.000 | -1.956| 0.000  | -2.457|
| ALPHA | 0.439 | MAINTAIN| 0.000  | 3.045    | 0.000   | 0.119    | -0.119| -0.926| -0.019| -0.597| 0.000 | -0.978| 0.000  | -1.575|
| ALPHA | 0.450 | MAINTAIN| 0.000  | 1.735    | 0.000   | 0.138    | -0.138| -1.065| -0.019| -0.692| 0.000 | -0.978| 0.000  | -1.670|
| ALPHA | 0.461 | MAINTAIN| 0.000  | 0.433    | 0.000   | 0.143    | -0.143| -1.208| -0.004| -0.716| 0.000 | -0.244| 0.000  | -0.960|
| ALPHA | 0.472 | MAINTAIN| 0.000  | -1.301   | 0.000   | 0.128    | -0.128| -1.337| 0.014 | -0.644| 0.000 | 0.733 | 0.000  | 0.088 |
| ALPHA | 0.483 | MAINTAIN| 0.000  | -1.958   | 0.000   | 0.107    | -0.107| -1.444| 0.021 | -0.537| 0.000 | 1.100 | 0.000  | 0.563 |
| ALPHA | 0.490 | MAINTAIN| 0.000  | -4.545   | 0.000   | 0.078    | -0.078| -1.523| 0.028 | -0.394| 0.000 | 1.467 | 0.000  | 1.073 |
| ALPHA | 0.501 | MAINTAIN| 0.000  | -4.555   | 0.000   | 0.028    | -0.028| -1.552| 0.050 | -0.143| 0.000 | 2.567 | 0.000  | 2.424 |
| ALPHA | 0.512 | MAINTAIN| 0.000  | -1.735   | 0.000   | 0.009    | -0.009| -1.561| 0.019 | -0.047| 0.000 | 0.978 | 0.000  | 0.930 |
| ALPHA | 0.523 | MAINTAIN| 0.000  | -3.037   | 0.000   | -0.023   | 0.023 | -1.537| 0.033 | 0.119 | 0.000 | 1.711 | 0.000  | 1.831 |
| ALPHA | 0.529 | MAINTAIN| 0.000  | -2.651   | 0.000   | -0.040   | 0.040 | -1.497| 0.016 | 0.202 | 0.000 | 0.855 | 0.000  | 1.058 |
| ALPHA | 0.540 | MAINTAIN| 0.000  | -1.084   | 0.000   | -0.052   | 0.052 | -1.444| 0.011 | 0.262 | 0.000 | 0.611 | 0.000  | 0.874 |
| ALPHA | 0.551 | MAINTAIN| 0.000  | 0.000    | 0.000   | -0.052   | 0.052 | -1.392| 0.000 | 0.262 | 0.000 | 0.000 | 0.000  | 0.262 |
| ALPHA | 0.562 | MAINTAIN| 0.000  | -0.216   | 0.000   | -0.054   | 0.054 | -1.337| 0.002 | 0.274 | 0.000 | 0.122 | 0.000  | 0.396 |
| ALPHA | 0.573 | MAINTAIN| 0.000  | -4.338   | 0.000   | -0.102   | 0.102 | -1.234| 0.047 | 0.513 | 0.000 | 2.445 | 0.000  | 2.958 |
| ALPHA | 0.579 | MAINTAIN| 0.000  | -4.188   | 0.000   | -0.128   | 0.128 | -1.105| 0.026 | 0.644 | 0.000 | 1.344 | 0.000  | 1.989 |
| ALPHA | 0.590 | MAINTAIN| 0.000  | -1.952   | 0.000   | -0.150   | 0.150 | -0.955| 0.021 | 0.752 | 0.000 | 1.100 | 0.000  | 1.852 |
| ALPHA | 0.601 | MAINTAIN| 0.000  | 3.028    | 0.000   | -0.117   | 0.117 | -0.838| -0.033| 0.585 | 0.000 | -1.711| 0.000  | -1.126|
| ALPHA | 0.612 | MAINTAIN| 0.000  | 5.221    | 0.000   | -0.059   | 0.059 | -0.778| -0.057| 0.298 | 0.000 | -2.934| 0.000  | -2.635|
| ALPHA | 0.619 | MAINTAIN| 0.000  | 5.303    | 0.000   | -0.026   | 0.026 | -0.752| -0.033| 0.131 | 0.000 | -1.711| 0.000  | -1.580|
| ALPHA | 0.630 | MAINTAIN| 0.000  | 3.687    | 0.000   | 0.014    | -0.014| -0.766| -0.040| -0.071| 0.000 | -2.078| 0.000  | -2.150|
| ALPHA | 0.641 | MAINTAIN| 0.000  | 8.920    | 0.000   | 0.112    | -0.112| -0.878| -0.097| -0.561| 0.000 | -5.012| 0.000  | -5.574|
| ALPHA | 0.652 | MAINTAIN| 0.000  | 8.243    | 0.000   | 0.202    | -0.202| -1.081| -0.090| -1.014| 0.000 | -4.646| 0.000  | -5.660|
| ALPHA | 0.663 | MAINTAIN| 0.000  | 9.762    | 0.000   | 0.310    | -0.310| -1.392| -0.107| -1.552| 0.000 | -5.502| 0.000  | -7.054|
| ALPHA | 0.669 | MAINTAIN| 0.000  | 2.650    | 0.000   | 0.327    | -0.327| -1.719| -0.016| -1.635| 0.000 | -0.855| 0.000  | -2.491|
| ALPHA | 0.680 | MAINTAIN| 0.000  | -0.436   | 0.000   | 0.322    | -0.322| -2.041| 0.004 | -1.611| 0.000 | 0.244 | 0.000  | -1.367|
| ALPHA | 0.691 | MAINTAIN| 0.000  | 4.989    | 0.000   | 0.377    | -0.377| -2.419| -0.054| -1.886| 0.000 | -2.812| 0.000  | -4.698|
| ALPHA | 0.702 | MAINTAIN| 0.000  | 3.254    | 0.000   | 0.413    | -0.413| -2.832| -0.035| -2.065| 0.000 | -1.833| 0.000  | -3.899|
| ALPHA | 0.713 | MAINTAIN| 0.000  | -0.650   | 0.000   | 0.405    | -0.405| -3.238| 0.007 | -2.029| 0.000 | 0.366 | 0.000  | -1.663|
| ALPHA | 0.719 | MAINTAIN| 0.000  | -0.378   | 0.000   | 0.403    | -0.403| -3.641| 0.002 | -2.017| 0.000 | 0.122 | 0.000  | -1.895|
| ALPHA | 0.730 | MAINTAIN| 0.000  | -0.867   | 0.000   | 0.394    | -0.394| -4.035| 0.009 | -1.970| 0.000 | 0.488 | 0.000  | -1.481|
| ALPHA | 0.741 | MAINTAIN| 0.000  | -6.273   | 0.000   | 0.324    | -0.324| -4.360| 0.069 | -1.623| 0.000 | 3.546 | 0.000  | 1.922 |
| ALPHA | 0.752 | MAINTAIN| 0.000  | -8.026   | 0.000   | 0.236    | -0.236| -4.596| 0.088 | -1.182| 0.000 | 4.523 | 0.000  | 3.341 |
| ALPHA | 0.759 | MAINTAIN| 0.000  | -8.712   | 0.000   | 0.181    | -0.181| -4.778| 0.054 | -0.907| 0.000 | 2.812 | 0.000  | 1.904 |
| ALPHA | 0.770 | MAINTAIN| 0.000  | -4.516   | 0.000   | 0.131    | -0.131| -4.909| 0.050 | -0.656| 0.000 | 2.567 | 0.000  | 1.911 |
| ALPHA | 0.781 | MAINTAIN| 0.000  | -1.286   | 0.000   | 0.117    | -0.117| -5.026| 0.014 | -0.585| 0.000 | 0.733 | 0.000  | 0.148 |
| ALPHA | 0.792 | MAINTAIN| 0.000  | 3.859    | 0.000   | 0.159    | -0.159| -5.186| -0.042| -0.799| 0.000 | -2.200| 0.000  | -3.000|
| ALPHA | 0.798 | MAINTAIN| 0.000  | 7.836    | 0.000   | 0.210    | -0.210| -5.396| -0.050| -1.050| 0.000 | -2.567| 0.000  | -3.618|
| ALPHA | 0.810 | MAINTAIN| 0.000  | 1.290    | 0.000   | 0.224    | -0.224| -5.621| -0.014| -1.122| 0.000 | -0.733| 0.000  | -1.855|
| ALPHA | 0.821 | MAINTAIN| 0.000  | -0.642   | 0.000   | 0.217    | -0.217| -5.838| 0.007 | -1.086| 0.000 | 0.366 | 0.000  | -0.720|
| ALPHA | 0.832 | MAINTAIN| 0.000  | -1.930   | 0.000   | 0.195    | -0.195| -6.034| 0.021 | -0.979| 0.000 | 1.100 | 0.000  | 0.121 |
| ALPHA | 0.838 | MAINTAIN| 0.000  | -2.610   | 0.000   | 0.179    | -0.179| -6.213| 0.016 | -0.895| 0.000 | 0.855 | 0.000  | -0.040|
| ALPHA | 0.849 | MAINTAIN| 0.000  | -2.582   | 0.000   | 0.150    | -0.150| -6.364| 0.028 | -0.752| 0.000 | 1.467 | 0.000  | 0.715 |
| ALPHA | 0.860 | MAINTAIN| 0.000  | -0.856   | 0.000   | 0.140    | -0.140| -6.504| 0.009 | -0.704| 0.000 | 0.488 | 0.000  | -0.216|
| ALPHA | 0.872 | MAINTAIN| 0.000  | 1.929    | 0.000   | 0.162    | -0.162| -6.667| -0.021| -0.811| 0.000 | -1.100| 0.000  | -1.911|
| ALPHA | 0.883 | MAINTAIN| 0.000  | -2.580   | 0.000   | 0.133    | -0.133| -6.801| 0.028 | -0.668| 0.000 | 1.467 | 0.000  | 0.798 |
| ALPHA | 0.889 | MAINTAIN| 0.000  | -3.712   | 0.000   | 0.109    | -0.109| -6.910| 0.023 | -0.549| 0.000 | 1.222 | 0.000  | 0.673 |
| ALPHA | 0.900 | MAINTAIN| 0.000  | -2.364   | 0.000   | 0.083    | -0.083| -6.994| 0.026 | -0.417| 0.000 | 1.344 | 0.000  | 0.926 |
| ALPHA | 0.911 | MAINTAIN| 0.000  | 3.644    | 0.000   | 0.124    | -0.124| -7.118| -0.040| -0.620| 0.000 | -2.078| 0.000  | -2.699|
| ALPHA | 0.923 | MAINTAIN| 0.000  | 1.930    | 0.000   | 0.145    | -0.145| -7.264| -0.021| -0.728| 0.000 | -1.100| 0.000  | -1.829|
| ALPHA | 0.929 | MAINTAIN| 0.000  | 1.492    | 0.000   | 0.155    | -0.155| -7.419| -0.009| -0.776| 0.000 | -0.489| 0.000  | -1.265|
| ALPHA | 0.940 | MAINTAIN| 0.000  | 1.285    | 0.000   | 0.169    | -0.169| -7.589| -0.014| -0.847| 0.000 | -0.732| 0.000  | -1.580|
| ALPHA | 0.951 | MAINTAIN| 0.000  | 5.790    | 0.000   | 0.234    | -0.234| -7.823| -0.064| -1.170| 0.000 | -3.301| 0.000  | -4.471|
| ALPHA | 0.962 | MAINTAIN| 0.000  | 1.075    | 0.000   | 0.245    | -0.245| -8.069| -0.011| -1.229| 0.000 | -0.611| 0.000  | -1.841|
| ALPHA | 0.969 | MAINTAIN| 0.000  | -3.715   | 0.000   | 0.222    | -0.222| -8.291| 0.023 | -1.110| 0.000 | 1.223 | 0.000  | 0.113 |
| ALPHA | 0.980 | MAINTAIN| 0.000  | -4.085   | 0.000   | 0.176    | -0.176| -8.467| 0.045 | -0.883| 0.000 | 2.322 | 0.000  | 1.439 |
| ALPHA | 0.991 | MAINTAIN| 0.000  | -1.286   | 0.000   | 0.162    | -0.162| -8.630| 0.014 | -0.811| 0.000 | 0.733 | 0.000  | -0.078|
| ALPHA | 1.002 | MAINTAIN| 0.000  | 0.000    | 0.000   | 0.162    | -0.162| -8.792| 0.000 | -0.811| 0.000 | 0.000 | 0.000  | -0.811|
| ALPHA | 1.008 | MAINTAIN| 0.000  | 2.238    | 0.000   | 0.176    | -0.176| -8.969| -0.014| -0.883| 0.000 | -0.733| 0.000  | -1.617|
| ALPHA | 1.020 | MAINTAIN| 0.000  | -1.074   | 0.000   | 0.164    | -0.164| -9.134| 0.011 | -0.823| 0.000 | 0.610 | 0.000  | -0.212|
| ALPHA | 1.031 | MAINTAIN| 0.000  | -1.286   | 0.000   | 0.150    | -0.150| -9.284| 0.014 | -0.752| 0.000 | 0.733 | 0.000  | -0.018|
| ALPHA | 1.042 | MAINTAIN| 0.000  | 2.143    | 0.000   | 0.174    | -0.174| -9.458| -0.023| -0.871| 0.000 | -1.221| 0.000  | -2.093|
| ALPHA | 1.048 | MAINTAIN| 0.000  | -2.238   | 0.000   | 0.159    | -0.159| -9.618| 0.014 | -0.799| 0.000 | 0.733 | 0.000  | -0.066|
| ALPHA | 1.059 | MAINTAIN| 0.000  | -4.288   | 0.000   | 0.112    | -0.112| -9.731| 0.047 | -0.561| 0.000 | 2.445 | 0.000  | 1.884 |
| ALPHA | 1.071 | MAINTAIN| 0.000  | -4.287   | 0.000   | 0.064    | -0.064| -9.795| 0.047 | -0.322| 0.000 | 2.444 | 0.000  | 2.122 |
| ALPHA | 1.082 | MAINTAIN| 0.000  | -3.217   | 0.000   | 0.028    | -0.028| -9.824| 0.035 | -0.143| 0.000 | 1.834 | 0.000  | 1.691 |
| ALPHA | 1.088 | MAINTAIN| 0.000  | -1.492   | 0.000   | 0.019    | -0.019| -9.843| 0.009 | -0.095| 0.000 | 0.489 | 0.000  | 0.393 |
| ALPHA | 1.099 | MAINTAIN| 0.000  | 0.644    | 0.000   | 0.026    | -0.026| -9.869| -0.007| -0.131| 0.000 | -0.367| 0.000  | -0.498|
| ALPHA | 1.110 | MAINTAIN| 0.000  | 1.513    | 0.000   | 0.042    | -0.042| -9.912| -0.016| -0.214| 0.000 | -0.855| 0.000  | -1.070|
| ALPHA | 1.121 | MAINTAIN| 0.000  | 2.144    | 0.000   | 0.066    | -0.066| -9.979| -0.023| -0.334| 0.000 | -1.222| 0.000  | -1.556|
| ALPHA | 1.128 | MAINTAIN| 0.000  | 4.103    | 0.000   | 0.093    | -0.093| -10.07| -0.026| -0.465| 0.000 | -1.344| 0.000  | -1.810|
| ALPHA | 1.139 | MAINTAIN| 0.000  | 2.788    | 0.000   | 0.124    | -0.124| -10.19| -0.031| -0.620| 0.000 | -1.589| 0.000  | -2.210|
| ALPHA | 1.150 | MAINTAIN| 0.000  | 3.217    | 0.000   | 0.160    | -0.160| -10.35| -0.035| -0.800| 0.000 | -1.834| 0.000  | -2.634|
| ALPHA | 1.161 | MAINTAIN| 0.000  | 4.945    | 0.000   | 0.214    | -0.214| -10.57| -0.054| -1.074| 0.000 | -2.811| 0.000  | -3.886|
| ALPHA | 1.172 | MAINTAIN| 0.000  | 7.719    | 0.000   | 0.300    | -0.300| -10.87| -0.085| -1.504| 0.000 | -4.401| 0.000  | -5.906|
| ALPHA | 1.179 | MAINTAIN| 0.000  | 5.570    | 0.000   | 0.336    | -0.336| -11.20| -0.035| -1.683| 0.000 | -1.834| 0.000  | -3.517|
| ALPHA | 1.190 | MAINTAIN| 0.000  | 0.000    | 0.000   | 0.336    | -0.336| -11.54| 0.000 | -1.683| 0.000 | 0.000 | 0.000  | -1.683|
| ALPHA | 1.201 | MAINTAIN| 0.000  | -4.731   | 0.000   | 0.284    | -0.284| -11.83| 0.052 | -1.420| 0.000 | 2.689 | 0.000  | 1.268 |
| ALPHA | 1.212 | MAINTAIN| 0.000  | -6.004   | 0.000   | 0.217    | -0.217| -12.04| 0.066 | -1.086| 0.000 | 3.423 | 0.000  | 2.336 |
| ALPHA | 1.218 | MAINTAIN| 0.000  | -8.211   | 0.000   | 0.164    | -0.164| -12.21| 0.052 | -0.823| 0.000 | 2.690 | 0.000  | 1.866 |
| ALPHA | 1.230 | MAINTAIN| 0.000  | -6.431   | 0.000   | 0.093    | -0.093| -12.30| 0.071 | -0.465| 0.000 | 3.667 | 0.000  | 3.201 |
| ALPHA | 1.241 | MAINTAIN| 0.000  | -3.656   | 0.000   | 0.052    | -0.052| -12.35| 0.040 | -0.262| 0.000 | 2.078 | 0.000  | 1.816 |
| ALPHA | 1.252 | MAINTAIN| 0.000  | 1.072    | 0.000   | 0.064    | -0.064| -12.42| -0.011| -0.322| 0.000 | -0.611| 0.000  | -0.934|
| ALPHA | 1.258 | MAINTAIN| 0.000  | 5.595    | 0.000   | 0.100    | -0.100| -12.52| -0.035| -0.501| 0.000 | -1.833| 0.000  | -2.335|
| ALPHA | 1.269 | MAINTAIN| 0.000  | 4.073    | 0.000   | 0.145    | -0.145| -12.66| -0.045| -0.728| 0.000 | -2.322| 0.000  | -3.050|
| ALPHA | 1.280 | MAINTAIN| 0.000  | 2.887    | 0.000   | 0.176    | -0.176| -12.84| -0.031| -0.883| 0.000 | -1.589| 0.000  | -2.473|
| ALPHA | 1.291 | MAINTAIN| 0.000  | 2.214    | 0.000   | 0.200    | -0.200| -13.04| -0.023| -1.002| 0.000 | -1.222| 0.000  | -2.225|
| ALPHA | 1.302 | MAINTAIN| 0.000  | 0.222    | 0.000   | 0.202    | -0.202| -13.24| -0.002| -1.014| 0.000 | -0.122| 0.000  | -1.137|
| ALPHA | 1.308 | MAINTAIN| 0.000  | 1.482    | 0.000   | 0.212    | -0.212| -13.46| -0.009| -1.062| 0.000 | -0.488| 0.000  | -1.550|
| ALPHA | 1.319 | MAINTAIN| 0.000  | -1.327   | 0.000   | 0.198    | -0.198| -13.65| 0.014 | -0.991| 0.000 | 0.732 | 0.000  | -0.258|
| ALPHA | 1.330 | MAINTAIN| 0.000  | -4.650   | 0.000   | 0.148    | -0.148| -13.80| 0.050 | -0.740| 0.000 | 2.567 | 0.000  | 1.827 |
| ALPHA | 1.340 | MAINTAIN| 0.000  | -4.206   | 0.000   | 0.102    | -0.102| -13.91| 0.045 | -0.513| 0.000 | 2.322 | 0.000  | 1.809 |
| ALPHA | 1.351 | MAINTAIN| 0.000  | -4.873   | 0.000   | 0.050    | -0.050| -13.96| 0.052 | -0.250| 0.000 | 2.690 | 0.000  | 2.439 |
| ALPHA | 1.358 | MAINTAIN| 0.000  | -2.225   | 0.000   | 0.035    | -0.035| -13.99| 0.014 | -0.179| 0.000 | 0.732 | 0.000  | 0.553 |
| ALPHA | 1.368 | MAINTAIN| 0.000  | -1.550   | 0.000   | 0.019    | -0.019| -14.01| 0.016 | -0.095| 0.000 | 0.856 | 0.000  | 0.760 |
| ALPHA | 1.379 | MAINTAIN| 0.000  | -0.663   | 0.000   | 0.011    | -0.011| -14.02| 0.007 | -0.059| 0.000 | 0.366 | 0.000  | 0.306 |
| ALPHA | 1.390 | MAINTAIN| 0.000  | 2.427    | 0.000   | 0.038    | -0.038| -14.06| -0.026| -0.191| 0.000 | -1.344| 0.000  | -1.535|
| ALPHA | 1.401 | MAINTAIN| 0.000  | 4.664    | 0.000   | 0.088    | -0.088| -14.15| -0.050| -0.441| 0.000 | -2.567| 0.000  | -3.009|
| ALPHA | 1.411 | MAINTAIN| 0.000  | 5.034    | 0.000   | 0.140    | -0.140| -14.29| -0.052| -0.704| 0.000 | -2.689| 0.000  | -3.393|
| ALPHA | 1.418 | MAINTAIN| 0.000  | 3.342    | 0.000   | 0.162    | -0.162| -14.45| -0.021| -0.811| 0.000 | -1.100| 0.000  | -1.912|
| ALPHA | 1.428 | MAINTAIN| 0.000  | 2.984    | 0.000   | 0.193    | -0.193| -14.65| -0.031| -0.967| 0.000 | -1.589| 0.000  | -2.556|
| ALPHA | 1.439 | MAINTAIN| 0.000  | 3.987    | 0.000   | 0.236    | -0.236| -14.88| -0.042| -1.182| 0.000 | -2.201| 0.000  | -3.383|
| ALPHA | 1.449 | MAINTAIN| 0.000  | 5.053    | 0.000   | 0.288    | -0.288| -15.17| -0.052| -1.444| 0.000 | -2.690| 0.000  | -4.135|
| ALPHA | 1.460 | MAINTAIN| 0.000  | 5.311    | 0.000   | 0.346    | -0.346| -15.52| -0.057| -1.731| 0.000 | -2.932| 0.000  | -4.664|
| ALPHA | 1.470 | MAINTAIN| 0.000  | 5.052    | 0.000   | 0.398    | -0.398| -15.92| -0.052| -1.994| 0.000 | -2.690| 0.000  | -4.684|
| ALPHA | 1.481 | MAINTAIN| 0.000  | 4.649    | 0.000   | 0.448    | -0.448| -16.36| -0.050| -2.244| 0.000 | -2.567| 0.000  | -4.811|
| ALPHA | 1.487 | MAINTAIN| 0.000  | 4.321    | 0.000   | 0.475    | -0.475| -16.84| -0.026| -2.376| 0.000 | -1.345| 0.000  | -3.721|
| ALPHA | 1.498 | MAINTAIN| 0.000  | 1.836    | 0.000   | 0.494    | -0.494| -17.33| -0.019| -2.471| 0.000 | -0.978| 0.000  | -3.449|
| ALPHA | 1.508 | MAINTAIN| 0.000  | -1.376   | 0.000   | 0.480    | -0.480| -17.81| 0.014 | -2.400| 0.000 | 0.732 | 0.000  | -1.667|
| ALPHA | 1.519 | MAINTAIN| 0.000  | -2.758   | 0.000   | 0.451    | -0.451| -18.27| 0.028 | -2.256| 0.000 | 1.468 | 0.000  | -0.787|
| ALPHA | 1.529 | MAINTAIN| 0.000  | -2.091   | 0.000   | 0.429    | -0.429| -18.70| 0.021 | -2.149| 0.000 | 1.100 | 0.000  | -1.049|
| ALPHA | 1.539 | MAINTAIN| 0.000  | -0.929   | 0.000   | 0.420    | -0.420| -19.12| 0.009 | -2.101| 0.000 | 0.489 | 0.000  | -1.612|
| ALPHA | 1.549 | MAINTAIN| 0.000  | -0.231   | 0.000   | 0.417    | -0.417| -19.53| 0.002 | -2.089| 0.000 | 0.121 | 0.000  | -1.967|
| ALPHA | 1.560 | MAINTAIN| 0.000  | -0.466   | 0.000   | 0.413    | -0.413| -19.95| 0.004 | -2.065| 0.000 | 0.245 | 0.000  | -1.820|
| ALPHA | 1.570 | MAINTAIN| 0.000  | -1.396   | 0.000   | 0.398    | -0.398| -20.35| 0.014 | -1.993| 0.000 | 0.734 | 0.000  | -1.259|
| ALPHA | 1.580 | MAINTAIN| 0.000  | -2.555   | 0.000   | 0.372    | -0.372| -20.72| 0.026 | -1.862| 0.000 | 1.343 | 0.000  | -0.518|
| ALPHA | 1.590 | MAINTAIN| 0.000  | -3.253   | 0.000   | 0.339    | -0.339| -21.06| 0.033 | -1.695| 0.000 | 1.710 | 0.000  | 0.015 |
| ALPHA | 1.601 | MAINTAIN| 0.000  | -3.951   | 0.000   | 0.298    | -0.298| -21.36| 0.040 | -1.492| 0.000 | 2.078 | 0.000  | 0.585 |
| ALPHA | 1.611 | MAINTAIN| 0.000  | -5.814   | 0.000   | 0.238    | -0.238| -21.59| 0.059 | -1.194| 0.000 | 3.057 | 0.000  | 1.863 |
| ALPHA | 1.621 | MAINTAIN| 0.000  | -5.811   | 0.000   | 0.179    | -0.179| -21.77| 0.059 | -0.895| 0.000 | 3.056 | 0.000  | 2.160 |
| ALPHA | 1.627 | MAINTAIN| 0.000  | -5.247   | 0.000   | 0.148    | -0.148| -21.92| 0.031 | -0.740| 0.000 | 1.590 | 0.000  | 0.850 |
| ALPHA | 1.637 | MAINTAIN| 0.000  | -3.951   | 0.000   | 0.107    | -0.107| -22.03| 0.040 | -0.537| 0.000 | 2.078 | 0.000  | 1.540 |
| ALPHA | 1.648 | MAINTAIN| 0.000  | -1.859   | 0.000   | 0.088    | -0.088| -22.12| 0.019 | -0.441| 0.000 | 0.978 | 0.000  | 0.536 |
| ALPHA | 1.658 | MAINTAIN| 0.000  | 0.932    | 0.000   | 0.097    | -0.097| -22.22| -0.009| -0.489| 0.000 | -0.490| 0.000  | -0.980|
| ALPHA | 1.668 | MAINTAIN| 0.000  | 2.088    | 0.000   | 0.119    | -0.119| -22.33| -0.021| -0.596| 0.000 | -1.098| 0.000  | -1.695|
| ALPHA | 1.679 | MAINTAIN| 0.000  | 3.256    | 0.000   | 0.152    | -0.152| -22.49| -0.033| -0.764| 0.000 | -1.712| 0.000  | -2.476|
| ALPHA | 1.689 | MAINTAIN| 0.000  | 3.498    | 0.000   | 0.188    | -0.188| -22.68| -0.035| -0.943| 0.000 | -1.834| 0.000  | -2.777|
| ALPHA | 1.699 | MAINTAIN| 0.000  | 2.786    | 0.000   | 0.217    | -0.217| -22.89| -0.028| -1.086| 0.000 | -1.465| 0.000  | -2.552|
| ALPHA | 1.709 | MAINTAIN| 0.000  | 0.929    | 0.000   | 0.226    | -0.226| -23.12| -0.009| -1.134| 0.000 | -0.489| 0.000  | -1.623|
| ALPHA | 1.720 | MAINTAIN| 0.000  | -1.625   | 0.000   | 0.210    | -0.210| -23.33| 0.016 | -1.050| 0.000 | 0.854 | 0.000  | -0.196|
| ALPHA | 1.730 | MAINTAIN| 0.000  | -2.323   | 0.000   | 0.186    | -0.186| -23.52| 0.023 | -0.931| 0.000 | 1.221 | 0.000  | 0.290 |
| ALPHA | 1.740 | MAINTAIN| 0.000  | -2.692   | 0.000   | 0.157    | -0.157| -23.67| 0.028 | -0.787| 0.000 | 1.468 | 0.000  | 0.680 |
| ALPHA | 1.751 | MAINTAIN| 0.000  | -1.397   | 0.000   | 0.143    | -0.143| -23.82| 0.014 | -0.716| 0.000 | 0.732 | 0.000  | 0.016 |
| ALPHA | 1.761 | MAINTAIN| 0.000  | -1.164   | 0.000   | 0.131    | -0.131| -23.95| 0.011 | -0.656| 0.000 | 0.612 | 0.000  | -0.044|
| ALPHA | 1.767 | MAINTAIN| 0.000  | -0.399   | 0.000   | 0.128    | -0.128| -24.08| 0.002 | -0.644| 0.000 | 0.121 | 0.000  | -0.522|
| ALPHA | 1.777 | MAINTAIN| 0.000  | 0.234    | 0.000   | 0.131    | -0.131| -24.21| -0.002| -0.656| 0.000 | -0.123| 0.000  | -0.780|
| ALPHA | 1.787 | MAINTAIN| 0.000  | 0.000    | 0.000   | 0.131    | -0.131| -24.34| 0.000 | -0.656| 0.000 | 0.000 | 0.000  | -0.656|
| ALPHA | 1.798 | MAINTAIN| 0.000  | 0.464    | 0.000   | 0.136    | -0.136| -24.48| -0.004| -0.680| 0.000 | -0.243| 0.000  | -0.924|
| ALPHA | 1.808 | MAINTAIN| 0.000  | 0.463    | 0.000   | 0.140    | -0.140| -24.62| -0.004| -0.704| 0.000 | -0.243| 0.000  | -0.948|
| ALPHA | 1.818 | MAINTAIN| 0.000  | 0.470    | 0.000   | 0.145    | -0.145| -24.76| -0.004| -0.728| 0.000 | -0.246| 0.000  | -0.975|
| ALPHA | 1.828 | MAINTAIN| 0.000  | 0.232    | 0.000   | 0.148    | -0.148| -24.91| -0.002| -0.740| 0.000 | -0.121| 0.000  | -0.862|
| ALPHA | 1.839 | MAINTAIN| 0.000  | 0.229    | 0.000   | 0.150    | -0.150| -25.06| -0.002| -0.752| 0.000 | -0.120| 0.000  | -0.872|
| ALPHA | 1.849 | MAINTAIN| 0.000  | 0.002    | 0.000   | 0.150    | -0.150| -25.21| -0.000| -0.752| 0.000 | -0.001| 0.000  | -0.753|
| ALPHA | 1.859 | MAINTAIN| 0.000  | -0.231   | 0.000   | 0.148    | -0.148| -25.36| 0.002 | -0.740| 0.000 | 0.121 | 0.000  | -0.618|
| ALPHA | 1.870 | MAINTAIN| 0.000  | -0.231   | 0.000   | 0.145    | -0.145| -25.51| 0.002 | -0.728| 0.000 | 0.121 | 0.000  | -0.606|
| ALPHA | 1.880 | MAINTAIN| 0.000  | -0.234   | 0.000   | 0.143    | -0.143| -25.65| 0.002 | -0.716| 0.000 | 0.123 | 0.000  | -0.592|
| ALPHA | 1.890 | MAINTAIN| 0.000  | 0.000    | 0.000   | 0.143    | -0.143| -25.79| 0.000 | -0.716| 0.000 | 0.000 | 0.000  | -0.716|
| ALPHA | 1.900 | MAINTAIN| 0.000  | 0.000    | 0.000   | 0.143    | -0.143| -25.94| 0.000 | -0.716| 0.000 | 0.000 | 0.000  | -0.716|
| ALPHA | 1.910 | MAINTAIN| 0.000  | 0.466    | 0.000   | 0.148    | -0.148| -26.08| -0.004| -0.740| 0.000 | -0.243| 0.000  | -0.983|
| ALPHA | 1.921 | MAINTAIN| 0.000  | 0.701    | 0.000   | 0.155    | -0.155| -26.24| -0.007| -0.776| 0.000 | -0.368| 0.000  | -1.144|
| ALPHA | 1.927 | MAINTAIN| 0.000  | 0.804    | 0.000   | 0.160    | -0.160| -26.40| -0.004| -0.800| 0.000 | -0.243| 0.000  | -1.043|
| ALPHA | 1.937 | MAINTAIN| 0.000  | 0.233    | 0.000   | 0.162    | -0.162| -26.56| -0.002| -0.811| 0.000 | -0.121| 0.000  | -0.933|
| ALPHA | 1.947 | MAINTAIN| 0.000  | 0.231    | 0.000   | 0.164    | -0.164| -26.73| -0.002| -0.823| 0.000 | -0.121| 0.000  | -0.945|
| ALPHA | 1.957 | MAINTAIN| 0.000  | -0.231   | 0.000   | 0.162    | -0.162| -26.89| 0.002 | -0.811| 0.000 | 0.121 | 0.000  | -0.690|
| ALPHA | 1.968 | MAINTAIN| 0.000  | -0.466   | 0.000   | 0.157    | -0.157| -27.05| 0.004 | -0.787| 0.000 | 0.245 | 0.000  | -0.542|
| ALPHA | 1.978 | MAINTAIN| 0.000  | -0.463   | 0.000   | 0.152    | -0.152| -27.20| 0.004 | -0.764| 0.000 | 0.243 | 0.000  | -0.520|
| ALPHA | 1.988 | MAINTAIN| 0.000  | -0.698   | 0.000   | 0.145    | -0.145| -27.34| 0.007 | -0.728| 0.000 | 0.367 | 0.000  | -0.361|
| ALPHA | 1.999 | MAINTAIN| 0.000  | -0.695   | 0.000   | 0.138    | -0.138| -27.48| 0.007 | -0.692| 0.000 | 0.365 | 0.000  | -0.326|